0 22
0 34
0 1123
0 983
1 984
1 1125
2 38
2 20
2 1124
2 980
3 21
3 39
4 981
4 1127
4 40
4 25
5 988
5 17
5 1122
5 12
5 19
6 1114
6 22
6 990
6 27
7 1117
7 30
7 25
7 17
7 989
8 1120
8 33
8 16
8 26
9 995
9 27
9 13
10 28
10 996
10 19
11 15
11 29
11 997
11 18
12 63
12 55
12 51
12 94
12 998
12 503
12 83
12 1130
13 41
13 57
13 1000
13 15
13 48
13 505
13 45
14 46
14 494
14 1001
14 15
14 85
14 42
14 56
15 58
15 520
15 1002
15 47
15 42
16 62
16 17
16 53
16 1133
17 54
17 83
17 1003
17 61
17 1132
18 493
18 84
18 1006
18 51
18 60
18 42
18 1121
18 19
19 43
19 518
19 61
19 51
19 1122
19 1007
20 65
20 26
20 78
20 474
20 52
20 1138
20 24
20 1008
21 25
21 79
21 26
21 53
21 475
21 1137
21 64
22 23
22 1148
22 75
22 1010
22 76
22 24
22 476
23 1142
23 477
23 69
23 1011
24 478
24 1140
24 67
24 1010
24 78
25 54
25 70
25 80
25 1009
25 479
25 1143
26 1141
26 81
26 53
26 480
26 68
27 57
27 32
27 75
27 31
27 1016
27 1114
28 30
28 33
28 61
28 71
28 1115
28 1017
29 1116
29 30
29 32
29 74
29 60
29 1018
29 58
30 1117
30 70
30 59
30 61
30 1019
31 1118
31 67
31 1016
32 69
32 1020
32 1119
32 58
33 1120
33 62
33 68
34 41
34 467
34 1024
34 87
34 1149
34 48
34 76
34 38
35 39
35 77
35 1022
35 49
35 44
35 38
35 468
35 88
36 79
36 469
36 39
36 89
36 1154
36 40
37 90
37 470
37 1025
37 40
37 1150
38 471
38 1024
38 49
38 1151
38 78
38 91
39 50
39 92
39 79
39 472
40 1023
40 80
40 55
40 94
40 473
40 1150
41 467
41 1027
41 42
41 1134
42 43
42 87
42 1135
42 1028
42 496
43 1136
43 519
44 46
44 999
44 468
44 45
45 1000
45 47
45 49
45 506
46 1001
46 47
46 497
46 88
47 1002
47 521
48 1029
48 49
48 505
49 50
49 1029
49 506
50 507
51 1030
51 90
51 499
51 1130
52 515
52 53
53 54
53 516
53 1158
54 517
54 1159
54 1031
55 1032
55 1160
55 473
56 1033
56 58
57 58
57 1034
58 59
58 1035
60 1131
60 1036
60 61
61 62
61 1037
61 1132
62 1133
63 89
63 498
63 1161
64 70
64 481
64 68
64 1137
65 67
65 68
65 1138
65 482
66 1139
66 483
66 69
66 70
67 72
67 1140
67 75
67 1039
67 484
67 73
68 1141
68 485
68 71
68 73
69 486
69 1142
69 72
69 75
69 74
69 1040
70 1038
70 71
70 74
70 1143
70 487
71 1144
71 1041
71 488
72 489
72 1145
72 1040
73 490
73 1146
74 1042
74 1147
74 491
75 1148
75 1039
75 492
76 1043
76 78
76 508
77 78
77 509
77 79
78 1043
78 1163
78 81
78 510
79 1162
79 511
79 80
79 81
80 512
80 1044
80 1166
81 1165
81 513
82 514
82 1164
83 1167
83 1045
84 493
84 87
84 90
84 1046
85 494
85 87
85 1047
85 88
86 89
86 495
86 88
87 1171
87 93
87 91
87 1049
87 496
88 92
88 497
88 91
88 1047
89 92
89 94
89 95
89 1174
89 498
90 1170
90 93
90 94
90 1050
90 95
90 499
91 500
91 1173
91 1049
92 501
93 1172
93 502
94 1170
94 503
94 1048
95 1174
95 504
96 467
96 131
96 538
96 122
96 135
97 132
97 124
98 133
98 136
98 125
98 539
99 139
99 542
99 126
99 940
100 137
100 134
100 127
100 540
100 468
101 128
101 470
101 942
102 544
102 130
102 939
102 469
102 141
103 135
103 476
104 477
104 114
104 949
105 139
105 110
105 945
106 108
106 140
106 943
106 474
106 143
107 144
107 141
107 475
107 109
107 944
108 164
108 113
108 943
108 185
108 622
108 482
108 169
108 112
109 113
109 481
109 168
109 166
109 186
109 180
109 944
109 626
109 111
110 945
110 671
110 187
110 483
110 114
110 170
110 111
110 181
111 719
111 167
111 946
111 487
111 188
111 174
111 181
112 723
112 947
112 185
112 484
112 171
113 948
113 166
113 172
113 485
113 685
113 189
114 486
114 182
114 726
114 949
114 173
115 494
115 159
115 196
115 551
115 127
115 122
115 612
116 493
116 124
116 148
116 123
116 122
116 157
116 616
117 631
117 130
117 504
117 959
117 128
118 198
118 553
118 124
118 125
118 160
118 127
118 149
118 632
119 150
119 555
119 200
119 130
119 125
119 126
119 958
119 662
120 556
120 130
120 667
120 201
120 127
120 495
120 957
121 678
121 960
121 129
121 202
121 151
121 128
121 126
121 502
121 557
122 159
122 554
122 199
122 129
122 683
122 496
122 153
123 687
123 148
123 128
123 499
124 154
124 695
124 160
125 555
125 200
125 155
125 162
125 697
126 156
126 559
126 204
126 705
126 960
127 556
127 201
127 163
127 497
127 708
128 720
128 152
128 962
128 499
129 151
129 963
129 203
129 727
129 558
129 161
129 496
130 731
130 207
130 562
130 498
130 959
131 208
131 545
131 159
131 134
131 190
131 613
131 505
132 633
132 133
132 134
132 160
132 210
132 191
132 547
133 192
133 162
133 698
133 211
133 548
134 212
134 163
134 709
134 191
134 549
134 506
135 208
135 619
135 140
135 538
135 199
135 508
136 652
136 200
136 539
136 211
136 141
136 951
136 139
136 184
137 140
137 950
137 212
137 201
137 509
137 141
137 183
137 540
137 663
138 541
138 514
138 679
138 187
138 139
138 954
138 202
139 703
139 542
139 187
139 954
139 204
140 952
140 212
140 543
140 688
140 510
140 185
140 206
141 207
141 544
141 511
141 729
141 213
141 186
141 953
142 144
142 965
142 194
142 211
142 165
142 653
143 515
143 144
143 164
143 193
143 212
143 964
143 664
144 194
144 166
144 213
144 516
144 966
144 730
145 579
145 149
145 148
146 150
146 968
146 600
146 565
146 151
147 610
147 566
147 149
147 150
148 154
148 617
148 152
148 518
148 153
149 154
149 635
149 155
149 566
150 568
150 155
150 156
150 968
150 654
151 152
151 969
151 156
151 672
151 519
151 569
151 153
152 518
152 718
153 684
153 567
153 519
154 696
155 700
155 568
156 969
156 702
157 580
157 159
157 160
158 571
158 598
159 614
159 163
159 520
159 570
159 161
160 572
160 163
160 162
160 636
161 520
161 724
162 701
162 573
163 574
163 521
163 710
164 602
164 166
164 964
165 588
165 166
165 965
166 628
166 167
166 966
166 522
167 967
167 523
167 722
168 481
168 639
168 172
168 174
169 172
169 640
169 482
169 171
170 483
170 641
170 174
170 173
171 642
171 176
171 177
171 179
171 484
172 485
172 177
172 175
172 643
173 486
173 178
173 644
173 176
173 179
174 178
174 645
174 487
174 175
175 646
175 488
176 489
176 647
177 490
177 648
178 649
178 491
179 492
179 650
180 589
180 181
181 182
181 524
181 675
182 728
182 525
183 950
183 186
183 185
183 601
184 187
184 587
184 951
184 186
185 952
185 527
185 623
185 189
186 526
186 627
186 188
186 189
186 953
187 954
187 188
187 673
187 528
188 721
188 955
188 530
189 529
189 686
189 956
190 191
190 578
191 563
191 192
191 634
192 564
192 699
193 194
193 607
194 657
194 970
194 195
195 971
195 706
196 201
196 199
196 551
196 575
197 973
197 200
197 552
197 594
197 202
198 553
198 200
198 605
198 201
199 205
199 531
199 554
199 203
199 206
199 620
200 207
200 973
200 555
200 655
200 204
201 665
201 556
201 972
201 207
201 532
201 206
202 205
202 533
202 976
202 674
202 203
202 204
202 557
203 531
203 725
203 558
204 976
204 559
204 704
205 707
205 560
205 533
206 974
206 689
206 561
206 534
207 562
207 732
207 535
207 975
208 212
208 545
208 576
209 597
209 211
209 546
209 978
210 212
210 211
210 606
210 547
211 978
211 213
211 656
211 548
212 666
212 977
212 536
212 213
212 549
213 550
213 733
213 537
213 979
214 264
214 431
214 256
214 781
214 253
215 254
215 782
215 257
215 265
215 432
216 240
216 257
216 787
217 255
217 259
217 788
217 239
218 258
218 789
218 241
219 1053
219 797
219 232
219 439
219 246
220 798
220 438
221 260
221 796
221 238
222 801
222 441
222 244
222 1051
223 1054
223 790
223 263
223 247
224 804
224 245
224 234
224 1052
224 440
225 248
225 795
225 262
225 1055
225 237
226 249
226 267
226 809
227 810
227 241
227 246
227 435
228 811
228 244
228 242
228 436
228 265
229 264
229 812
229 245
229 243
229 437
230 267
230 252
230 263
230 815
230 1061
231 1062
231 268
231 262
231 816
231 251
232 820
232 276
232 298
232 235
232 272
232 980
232 1074
232 315
232 442
233 271
233 1078
233 237
233 281
233 238
233 319
233 299
233 981
233 819
234 235
234 1073
234 314
234 982
234 821
234 313
234 236
234 269
234 443
235 300
235 272
235 1075
235 824
235 316
235 983
235 443
236 237
236 317
236 1076
236 825
236 984
236 444
237 317
237 1076
237 302
237 985
237 822
238 823
238 299
238 986
238 274
239 330
239 242
239 243
239 433
239 291
239 307
239 831
240 311
240 434
240 242
240 832
240 293
241 329
241 308
241 243
241 833
241 435
242 309
242 331
242 834
242 436
242 293
243 292
243 330
243 437
243 835
243 310
244 1051
244 247
244 248
244 309
244 447
244 322
244 840
245 841
245 248
245 314
245 448
245 250
245 1052
245 323
245 310
246 308
246 1053
246 446
246 315
246 842
246 250
247 249
247 1054
247 843
247 325
248 312
248 450
248 317
248 326
248 844
248 1055
249 839
249 1056
249 325
249 318
250 1057
250 846
250 448
250 316
250 324
250 310
251 1071
251 297
251 252
251 987
251 275
251 305
251 849
252 988
252 1072
252 306
252 850
252 296
252 275
252 280
253 254
253 452
253 864
253 277
253 1021
253 304
253 269
253 313
254 278
254 453
254 865
254 1046
254 305
254 295
255 256
255 257
255 277
255 1022
255 291
255 270
255 430
255 867
256 292
256 431
256 868
256 1029
256 277
257 278
257 869
257 1047
257 432
257 293
258 276
258 329
258 298
258 321
258 871
258 259
258 1008
259 1043
259 330
259 321
259 277
259 872
260 279
260 263
260 1068
260 989
260 299
260 262
260 327
260 296
260 874
261 300
261 877
261 990
261 324
261 1065
262 991
262 297
262 876
262 302
262 326
262 1067
263 303
263 875
263 1066
263 325
263 296
263 992
264 993
264 292
264 268
264 881
264 266
264 455
264 1058
264 304
264 323
265 267
265 456
265 1059
265 268
265 882
265 305
265 322
265 994
265 293
266 292
266 1060
266 455
266 883
266 324
266 995
267 996
267 306
267 325
267 1061
267 884
268 1062
268 997
268 457
268 885
268 326
268 294
268 305
269 458
269 272
269 886
269 1021
270 887
270 1022
270 272
271 1023
271 888
271 273
271 285
271 1085
271 274
272 458
272 889
272 1024
272 277
272 1084
273 1085
273 1025
274 1026
274 890
275 282
275 1091
275 998
275 891
276 451
276 980
276 277
276 892
277 278
277 1024
277 452
277 893
278 453
278 1049
279 851
279 284
279 989
279 283
280 988
280 282
280 852
280 283
281 853
281 284
281 285
281 981
282 854
282 289
282 998
282 287
282 286
283 1003
283 289
283 296
283 290
283 855
284 1009
284 299
284 288
284 290
284 856
285 1023
285 857
285 288
285 287
285 286
286 858
286 1032
287 859
287 1048
288 860
288 1044
289 861
289 1045
290 1031
290 862
291 894
291 292
291 454
291 999
291 293
292 895
292 1000
292 455
292 294
293 896
293 456
293 1001
293 294
294 457
294 1002
295 1050
296 1003
296 297
296 899
296 1081
297 1004
297 900
297 1080
298 300
298 906
298 1008
299 303
299 1009
299 1086
299 302
299 907
300 301
300 908
300 1087
300 321
300 1010
301 1011
301 1088
302 910
302 1012
302 1090
303 1089
303 1013
303 909
304 911
304 1070
304 1005
304 305
304 459
305 1071
305 1006
305 306
305 460
305 912
306 1072
306 1007
307 913
307 445
307 309
307 310
308 446
308 914
308 310
309 916
309 311
309 312
309 447
310 312
310 917
310 448
311 449
311 915
312 450
313 918
313 982
313 464
314 924
314 1073
314 317
314 316
314 465
315 925
315 1074
315 316
316 1075
316 926
316 320
316 465
317 928
317 466
317 1076
317 319
317 320
318 927
318 1077
319 1078
320 1079
320 466
321 1010
321 929
322 461
322 930
322 325
322 326
322 1014
322 1063
323 931
323 1015
323 326
323 462
323 1064
323 324
324 932
324 1016
324 328
324 462
324 1065
325 933
325 1066
325 327
325 1017
326 328
326 463
326 327
326 1018
326 1067
326 934
327 1068
327 1019
328 463
328 1069
328 1020
329 330
329 935
330 936
330 331
332 1175
332 1117
332 347
332 341
333 1120
333 349
333 340
334 350
334 1119
334 1176
335 341
335 343
335 339
335 1122
335 1178
336 353
336 1124
336 734
336 344
337 1179
337 347
337 354
337 1127
337 737
338 350
338 1128
338 740
338 1180
339 365
339 1181
339 373
339 359
339 379
339 962
339 364
339 1130
340 1182
340 341
340 356
340 1133
340 362
341 363
341 357
341 373
341 1132
341 1183
342 963
342 380
342 343
342 358
342 1177
342 1135
342 359
343 969
343 1136
343 357
343 1178
343 359
343 355
344 360
344 348
344 943
344 734
344 1138
344 349
344 368
345 362
345 347
345 735
345 369
345 1185
345 944
345 349
345 1137
346 347
346 350
346 945
346 370
346 1139
346 736
346 1186
347 371
347 363
347 946
347 1143
347 1186
347 737
348 738
348 1140
348 947
348 368
349 1141
349 948
349 739
349 372
349 362
350 1142
350 740
350 1187
350 949
351 1188
351 744
351 939
351 369
351 354
351 376
351 1154
352 940
352 354
352 370
352 1189
352 377
352 1153
352 745
353 378
353 743
353 1151
353 941
353 368
354 746
354 371
354 1189
354 942
354 379
354 364
354 1150
355 968
356 1182
356 357
357 1156
357 358
357 1183
358 1184
358 1155
359 1181
359 1157
359 377
359 960
360 362
360 964
361 965
361 362
361 1197
362 363
362 1197
362 966
362 1158
363 1198
363 1159
363 967
364 1160
364 942
364 1191
365 1161
365 376
365 959
365 1190
366 369
366 368
366 950
366 741
367 369
367 1194
367 742
367 370
367 951
368 952
368 1163
368 743
368 372
369 1162
369 744
369 371
369 1194
369 953
369 372
370 371
370 1164
370 954
370 1195
370 745
371 746
371 955
371 1166
371 1195
372 1165
372 747
372 956
373 1196
373 1167
374 957
374 376
374 751
375 1192
375 376
375 377
375 958
375 752
376 1192
376 754
376 959
376 379
376 1174
377 1193
377 380
377 1172
377 755
377 379
377 960
378 753
378 961
378 1173
379 1193
379 1170
379 962
380 1171
380 963
381 401
381 762
381 395
382 399
382 1053
383 758
383 391
383 1055
383 1094
383 400
384 1054
384 757
384 390
385 398
385 389
385 1057
385 756
385 1093
386 1095
386 1060
386 389
387 397
387 1061
387 390
388 391
388 1097
388 1062
388 396
389 1099
389 393
389 1065
389 756
389 394
389 1114
389 428
390 406
390 757
390 1066
390 395
390 424
390 1115
390 392
391 1116
391 758
391 405
391 427
391 394
391 1067
391 392
391 1100
392 1117
392 423
392 406
392 1101
392 1068
392 759
393 760
393 420
393 1118
393 1065
394 761
394 1069
394 422
394 1119
394 1100
395 1120
395 762
395 421
395 407
396 429
396 1071
396 397
396 405
396 1103
396 409
396 1121
397 429
397 1072
397 406
397 1122
397 1104
397 410
398 404
398 1123
398 1075
398 403
398 1105
398 411
398 428
398 774
399 418
399 404
399 1124
399 1074
399 764
399 413
399 401
400 773
400 403
400 1106
400 1076
400 427
400 402
400 1125
401 767
401 414
401 421
401 1126
402 1078
402 423
402 769
402 412
402 1107
402 1127
403 768
403 1079
403 1128
403 1106
403 422
404 766
404 1129
404 1075
404 420
404 413
405 1131
405 406
405 1080
405 1108
406 1109
406 1132
406 1081
406 407
407 1133
408 409
408 1082
408 1134
408 1102
409 1103
409 1135
409 1083
409 410
410 1136
410 1104
411 1149
411 1084
411 413
412 1110
412 1085
412 779
412 416
412 415
412 1150
413 776
413 414
413 1151
413 1084
414 778
414 1152
415 1110
415 777
415 1153
416 1154
416 775
417 763
417 423
417 421
417 1137
418 764
418 421
418 420
418 1138
419 423
419 1111
419 1139
419 422
419 765
420 766
420 1087
420 425
420 1140
420 426
420 428
421 1141
421 767
421 426
421 424
422 1142
422 1112
422 768
422 425
422 427
422 1088
422 428
423 1111
423 1086
423 427
423 424
423 769
423 1143
424 1089
424 770
424 1144
425 771
425 1145
425 1088
426 772
426 1146
427 1112
427 1147
427 773
427 1090
428 1087
428 1148
428 774
429 1091
429 1113
429 1130
430 431
430 454
430 452
430 432
430 1609
430 741
430 1768
431 1610
431 748
431 452
431 455
431 1768
432 456
432 453
432 1611
432 1769
432 751
433 950
433 1614
433 445
433 454
433 1771
433 436
433 437
434 456
434 1615
434 436
434 957
434 449
435 446
435 964
435 1770
435 437
435 1616
436 456
436 972
436 1772
436 447
436 1617
437 977
437 455
437 1771
437 448
437 1618
438 440
438 1260
438 445
438 441
438 1621
438 1774
438 601
439 602
439 440
439 1773
439 446
439 442
439 1261
439 1622
440 603
440 448
440 1623
440 443
440 1774
440 1263
441 604
441 1262
441 1624
441 447
441 1775
442 1626
442 458
442 451
442 1671
442 443
442 1244
443 458
443 1275
443 464
443 1672
443 1245
443 465
443 444
443 1627
444 466
444 1276
444 1246
444 1673
445 1260
445 1776
445 1511
445 1628
445 447
445 448
446 1629
446 1512
446 448
446 1261
447 461
447 450
447 1777
447 1513
447 1262
447 449
447 1631
448 1776
448 450
448 462
448 1632
448 465
448 1514
448 1263
449 461
449 1515
449 1630
449 1264
450 1777
450 466
450 463
450 1265
450 1516
451 1300
451 452
451 464
451 1633
451 1767
451 1244
452 458
452 1256
452 453
452 1634
452 464
452 1304
452 459
452 1768
453 1307
453 1259
453 1769
453 460
454 456
454 1266
454 1635
454 1778
454 1247
454 455
454 1712
454 459
455 1248
455 1719
455 1778
455 1636
455 457
455 462
455 459
455 1267
456 461
456 1779
456 1249
456 1637
456 457
456 460
456 1722
456 1268
457 1269
457 1250
457 463
457 1729
457 460
457 1779
458 1638
458 1256
459 1273
459 1778
459 1639
459 460
459 1251
460 1274
460 1252
460 1779
461 1640
461 1270
461 1253
461 1780
461 463
462 1254
462 1641
462 463
462 1271
463 1255
463 1272
463 1780
464 1642
464 1245
465 1275
465 466
465 1643
466 1276
467 1731
467 471
467 1455
467 1849
467 508
467 505
467 496
468 471
468 472
468 509
468 1453
468 497
468 1850
468 506
469 511
469 1736
469 1852
469 472
469 473
469 498
470 1456
470 1732
470 473
470 499
471 1455
471 1733
471 500
471 1851
471 510
471 506
472 511
472 1852
472 501
472 507
473 512
473 1454
473 1732
473 503
473 1853
474 515
474 478
474 480
474 1458
474 510
474 482
474 1738
475 511
475 481
475 480
475 1737
475 516
475 479
476 1748
476 478
476 1460
476 477
476 492
476 508
477 486
477 1461
477 1742
478 1460
478 510
478 484
478 1740
479 512
479 1743
479 517
479 487
479 1459
480 513
480 1741
480 485
480 516
481 526
481 485
481 1737
481 1309
481 522
481 487
482 527
482 1310
482 485
482 484
482 1738
483 1311
483 486
483 1739
483 524
483 487
483 528
484 527
484 1312
484 489
484 490
484 1465
484 492
484 1740
485 529
485 1741
485 490
485 1313
485 488
485 522
486 1466
486 491
486 489
486 525
486 492
486 1742
486 1314
487 523
487 491
487 524
487 1464
487 530
487 1315
487 488
487 1743
488 523
488 1467
488 1316
488 1744
489 1466
489 1745
489 1317
490 529
490 1318
490 1746
491 1319
491 1747
491 525
491 1468
492 1748
492 1320
492 1465
493 1321
493 518
493 1469
493 499
493 496
494 520
494 497
494 1470
494 1324
494 496
495 532
495 1859
495 1335
495 497
495 498
496 1337
496 1472
496 500
496 520
496 531
496 519
496 1858
496 502
496 1755
497 500
497 501
497 1345
497 532
497 1859
497 1470
497 521
498 1862
498 501
498 535
498 504
498 1758
498 503
498 1354
499 1357
499 518
499 1754
499 1473
499 504
499 503
499 502
500 1757
500 1472
500 1367
500 1861
500 521
500 534
501 1368
501 1862
501 535
502 1375
502 533
502 519
502 1860
502 1756
503 1754
503 1471
503 1370
504 1363
504 1758
505 1325
505 520
505 1474
505 506
506 1856
506 1346
506 507
506 536
506 1474
506 521
507 1857
507 1369
507 537
508 531
508 1475
508 1328
508 510
508 1849
509 511
509 532
509 536
509 1850
509 510
509 1331
510 1350
510 527
510 1851
510 513
510 536
510 1475
510 1750
510 534
511 526
511 512
511 1852
511 513
511 535
511 1352
511 537
511 1749
512 1753
512 530
512 1371
512 1853
512 1476
513 529
513 1854
513 1752
513 537
513 1362
514 533
514 1751
514 1376
514 528
514 1855
515 536
515 516
515 1332
516 1353
516 1759
516 537
516 517
516 522
517 523
517 1760
517 1477
517 1372
518 1478
518 519
518 1322
519 1761
519 1338
519 1863
520 1479
520 1326
520 521
521 1347
521 1479
521 1864
522 523
522 1358
522 1759
523 1480
523 1359
523 1760
524 1348
524 525
525 1349
525 1481
526 529
526 1339
526 530
526 1749
527 529
527 1340
527 1750
528 1341
528 530
528 1751
529 1752
529 1342
530 1343
530 1482
530 1753
531 1329
531 1483
531 533
531 1858
531 534
532 1859
532 535
532 1333
532 534
533 1344
533 1765
533 1860
534 1351
534 1483
534 1764
534 1861
535 1862
535 1763
535 1355
536 1856
536 537
536 1334
537 1857
537 1356
537 1766
538 1202
538 1497
538 545
538 554
538 543
538 1849
539 1713
539 555
539 544
539 542
539 1559
539 548
539 1500
540 556
540 544
540 1266
540 543
540 1712
540 1850
540 1501
540 549
541 1716
541 542
541 1815
541 1855
541 557
542 1716
542 559
543 1851
543 1714
543 1501
543 561
543 549
544 1502
544 562
544 550
544 1852
544 1715
545 1497
545 1095
545 1209
545 570
545 549
546 571
546 1498
546 1217
546 813
546 548
546 1720
547 563
547 572
547 1220
547 1058
547 548
547 1499
547 549
548 550
548 1229
548 1560
548 564
548 1500
548 1720
548 573
549 1856
549 563
549 1234
549 550
549 1719
549 1267
549 574
549 1501
550 1502
550 1243
550 1721
550 1857
550 564
551 1208
551 556
551 554
551 1503
551 1096
551 570
552 571
552 555
552 814
552 1218
552 1504
552 565
552 1723
552 557
553 556
553 555
553 1059
553 572
553 1219
553 566
553 1505
554 560
554 567
554 1503
554 1858
554 1226
554 558
554 570
554 561
554 1203
555 568
555 1561
555 562
555 1723
555 1228
555 1506
555 559
555 573
556 562
556 1268
556 1507
556 1859
556 574
556 561
556 1722
556 1233
557 1237
557 560
557 1816
557 1860
557 569
557 559
557 1726
557 558
558 1238
558 569
558 1858
559 1239
559 1726
560 567
560 1860
560 1240
561 1241
561 1507
561 1724
561 1861
561 574
562 1862
562 1242
562 1725
563 1060
563 1221
563 564
564 1562
564 1230
564 1727
565 815
565 569
565 1728
565 1214
565 1509
565 568
566 1510
566 1061
566 1222
566 568
567 1204
567 1227
567 1508
567 569
567 1863
568 1563
568 1728
568 1231
569 1236
569 1863
569 1817
570 1210
570 1503
570 574
570 1097
571 1215
571 1504
571 816
571 1730
571 573
572 1062
572 573
572 1223
572 1505
572 574
573 1232
573 1564
573 1506
573 1730
574 1235
574 1269
574 1507
574 1729
574 1864
575 1208
575 665
575 1092
575 577
575 620
575 612
576 619
576 666
576 1644
576 577
576 613
576 1209
576 1093
577 1210
577 1645
577 1094
577 668
577 614
577 620
578 582
578 583
578 1658
578 756
578 650
578 634
578 613
579 1654
579 617
579 635
579 646
579 757
579 584
579 581
580 1657
580 758
580 583
580 581
580 649
580 616
580 614
580 636
581 617
581 645
581 637
581 615
581 1653
581 759
582 1650
582 642
582 760
582 634
583 761
583 1652
583 638
583 644
583 614
584 1651
584 618
584 762
584 643
585 658
585 670
585 594
585 600
585 1214
585 790
585 1524
586 625
586 791
586 651
586 1662
586 672
586 1212
586 600
586 1517
586 592
587 596
587 652
587 627
587 792
587 593
587 673
587 1518
587 599
588 628
588 1659
588 1519
588 793
588 653
588 599
588 592
589 794
589 595
589 593
589 675
589 1660
589 626
589 592
590 1664
590 597
590 594
590 795
590 598
590 1525
590 1215
590 659
591 1665
591 796
591 600
591 595
591 598
591 1213
591 669
592 657
592 676
592 628
592 1662
592 797
592 1523
593 798
593 627
593 677
594 596
594 655
594 1218
594 1521
594 674
594 799
595 800
595 1665
595 675
596 655
596 680
596 1521
596 801
596 630
597 1217
597 1669
597 1522
597 656
597 802
597 599
598 803
598 1215
598 1670
599 804
599 1522
599 629
599 656
599 1663
600 1520
600 672
600 1668
600 1214
600 805
600 654
601 603
601 627
601 604
601 1511
601 623
601 663
602 603
602 628
602 1671
602 1512
602 664
602 622
603 666
603 623
603 629
603 1672
603 1514
604 665
604 624
604 1513
604 630
605 665
605 1051
605 655
605 1219
605 609
605 608
605 632
606 666
606 633
606 609
606 1674
606 1220
606 656
606 1052
606 611
607 657
607 1053
607 1675
607 664
607 611
608 610
608 658
608 635
608 1054
608 1222
609 636
609 1677
609 1223
609 1055
609 668
609 659
610 1678
610 635
610 1056
610 1222
610 654
611 661
611 666
611 1221
611 1057
611 1676
611 634
612 1208
612 683
612 1601
612 708
612 1324
612 614
613 1325
613 709
613 1602
613 1209
613 614
614 1210
614 724
614 682
614 1682
614 683
614 615
614 1326
614 710
614 1603
615 684
615 1327
615 1211
615 1681
615 1604
615 681
615 669
616 1321
616 617
616 695
616 687
616 1595
616 683
617 1684
617 684
617 618
617 687
617 1596
617 717
617 696
617 1322
617 718
618 625
618 1597
618 716
618 1323
618 1683
619 1199
619 1328
619 688
619 620
620 707
620 1329
620 1200
620 689
620 683
620 1226
620 725
620 621
621 684
621 707
621 1227
621 670
621 1201
621 1330
622 723
622 1773
622 640
622 623
622 1310
622 685
623 723
623 1529
623 624
623 691
623 1340
623 686
623 688
623 1774
624 1530
624 1365
624 689
624 1775
625 628
625 1323
625 1685
625 1619
625 718
626 1620
626 719
626 627
626 628
626 639
626 1309
626 685
627 721
627 729
627 630
627 686
627 1531
627 1339
627 690
627 629
627 1621
628 722
628 1358
628 716
628 629
628 1532
628 1685
628 730
628 685
628 1622
629 1374
629 1535
629 733
629 1686
629 686
629 1623
630 732
630 1624
630 1364
630 1534
631 731
631 1533
631 1363
631 1625
631 720
632 635
632 695
632 697
632 1219
632 1484
632 708
632 636
633 698
633 709
633 1485
633 1220
633 634
633 636
634 1688
634 1486
634 1221
634 638
634 709
634 699
634 712
635 1690
635 700
635 637
635 696
635 714
635 1487
635 1222
636 701
636 695
636 638
636 715
636 1691
636 1488
636 637
636 1223
636 710
637 1687
637 1224
637 696
637 1489
637 711
638 713
638 1225
638 1689
638 1490
638 710
639 1647
639 1377
639 716
639 645
639 690
639 1309
639 643
640 642
640 691
640 1648
640 1310
640 1378
640 643
641 1311
641 692
641 671
641 644
641 645
641 1649
641 1379
641 681
642 723
642 1650
642 691
642 650
642 648
642 712
642 1312
642 1380
642 647
643 1651
643 646
643 1381
643 716
643 1313
643 648
643 685
643 693
644 713
644 1652
644 682
644 726
644 650
644 1314
644 649
644 1382
644 647
645 719
645 1315
645 646
645 694
645 717
645 1653
645 681
645 649
645 1383
645 711
646 1384
646 1654
646 717
646 714
646 1316
647 713
647 1385
647 1317
647 1655
648 1318
648 1386
648 1656
648 693
649 1657
649 682
649 715
649 1387
649 1319
650 1320
650 1658
650 1388
650 712
651 657
651 1547
651 1693
651 702
651 1517
651 654
652 655
652 703
652 729
652 1548
652 656
652 1518
653 657
653 1519
653 656
653 1549
653 730
654 662
654 658
654 1520
654 1550
654 1231
654 660
654 702
654 700
654 1695
655 1551
655 658
655 732
655 697
655 1521
655 1228
655 704
655 659
655 662
656 661
656 1522
656 733
656 698
656 1229
656 1692
656 1552
656 659
657 661
657 1553
657 706
657 660
657 1693
657 1523
657 730
658 1554
658 1231
658 700
658 1524
659 701
659 1232
659 1555
659 1696
659 1525
660 706
660 1695
660 1526
660 1556
661 1694
661 733
661 1557
661 699
661 1230
661 1527
662 731
662 1528
662 697
662 1228
662 1558
662 705
663 665
663 666
663 1260
663 729
663 1511
663 688
663 1331
664 666
664 1512
664 1261
664 730
664 1332
665 1233
665 667
665 732
665 1513
665 689
665 1262
665 708
665 1333
665 668
666 1234
666 733
666 709
666 1697
666 688
666 1334
666 668
666 1514
666 1263
667 731
667 1335
667 708
667 1515
667 1264
667 1233
668 1235
668 689
668 1516
668 1265
668 1698
668 1336
668 710
669 1796
669 672
669 1327
669 724
669 1699
669 675
670 672
670 674
670 1330
670 1236
670 1797
670 725
671 1311
671 1798
671 719
671 726
671 675
671 673
672 684
672 1536
672 676
672 1700
672 678
672 702
672 1338
672 727
672 1236
672 1799
672 718
673 1800
673 721
673 1341
673 703
673 692
673 680
673 679
673 677
673 1537
674 1237
674 1538
674 1801
674 707
674 1344
674 680
674 678
674 679
674 704
674 725
675 719
675 676
675 1348
675 728
675 1802
675 1699
675 677
675 681
676 706
676 1700
676 722
676 1540
676 1803
676 1360
677 721
677 1361
677 1804
678 1375
678 720
678 1237
678 1805
678 727
678 705
678 1539
679 703
679 1806
679 1376
679 1537
680 1366
680 1538
680 1807
680 704
681 1348
681 682
681 1681
682 728
682 1682
682 1349
683 1337
683 684
683 727
683 1226
684 1702
684 1227
684 1338
685 686
685 1313
686 1545
686 693
686 1342
687 1357
687 720
688 1350
688 1529
688 689
689 1530
689 1241
689 1351
690 694
690 1339
690 693
691 1340
691 693
692 1341
692 694
693 1342
694 721
694 1343
695 696
696 1703
697 701
697 1228
697 700
698 701
698 1229
698 699
699 1704
699 1230
700 1231
700 1705
701 1232
701 1706
702 1536
702 706
702 705
702 1707
703 704
703 1537
704 1239
704 1538
704 705
705 1239
705 1539
706 1540
706 1707
707 1344
707 1240
708 1345
708 710
708 1233
709 1346
709 1234
709 710
710 1235
710 1347
710 1708
711 1687
711 715
711 714
712 1688
712 713
713 715
713 1689
714 1690
715 1691
716 1358
716 717
716 1683
717 1684
717 1359
717 722
718 722
718 1322
718 1709
718 720
719 721
719 722
719 1315
720 1542
720 1357
721 1343
721 1543
722 1359
722 1544
722 1709
723 1312
724 728
724 727
724 1710
724 1326
725 1329
725 1238
725 727
726 728
726 1314
727 1337
727 1238
727 1546
728 1349
728 1710
729 732
729 733
729 1531
729 1352
730 1353
730 733
730 1532
731 732
731 1242
731 1354
731 1533
732 1242
732 1355
732 1534
733 1535
733 1711
733 1243
733 1356
734 738
734 1280
734 1300
734 743
734 739
734 1767
735 1302
735 744
735 1865
735 739
735 1279
735 737
735 1608
736 1281
736 740
736 1866
736 745
736 1781
736 737
737 746
737 1285
737 1866
737 1303
738 1282
738 743
739 1302
739 747
739 1283
740 1867
740 1284
741 744
741 748
741 743
741 1304
741 1712
741 751
742 744
742 1713
742 1305
742 1868
742 780
742 745
742 749
742 752
743 748
743 747
743 753
743 1304
743 1292
743 1714
743 1768
744 1306
744 746
744 750
744 1868
744 1715
744 747
744 754
744 1291
744 1609
745 746
745 1716
745 1782
745 755
745 1869
745 1293
746 1295
746 1717
746 1869
747 1306
747 1718
747 750
747 1294
748 1719
748 750
748 1304
749 1870
749 750
749 1305
749 781
749 1720
750 1306
750 1610
750 1870
750 1721
750 1296
751 1307
751 1722
751 754
751 753
752 1871
752 782
752 1308
752 754
752 755
752 1723
753 1307
753 1298
753 1769
753 1724
754 1871
754 1611
754 1725
754 1297
755 1299
755 1726
755 1783
756 761
756 1486
756 760
756 1388
756 1602
756 774
757 1384
757 770
757 762
757 1596
757 1487
757 759
758 761
758 773
758 1488
758 1387
758 1595
758 759
758 1603
759 1596
759 769
759 1604
759 1489
759 1383
760 766
760 1486
760 1380
761 768
761 1490
761 1382
761 1603
762 1597
762 767
762 1381
763 1598
763 775
763 1647
763 1377
763 767
763 769
763 1279
764 766
764 776
764 1280
764 767
764 1648
764 1378
765 1281
765 768
765 1605
765 1649
765 777
765 769
765 1379
766 1650
766 776
766 1282
766 772
766 771
766 1492
766 1380
766 774
767 778
767 1598
767 770
767 1651
767 772
767 1381
767 1283
768 773
768 1652
768 1493
768 1284
768 771
768 1606
768 1382
768 774
769 1491
769 773
769 770
769 1605
769 1285
769 1653
769 779
769 1599
769 1383
770 1384
770 1654
770 1494
770 1286
770 1599
771 1493
771 1385
771 1655
771 1287
772 1288
772 778
772 1386
772 1656
773 1657
773 1289
773 1387
773 1606
773 1495
774 1290
774 1658
774 1388
774 1492
775 778
775 1600
775 1291
775 779
776 778
776 1292
777 1293
777 779
777 1607
778 1600
778 1294
779 1295
779 1496
779 1607
780 880
780 782
780 864
780 1782
780 781
780 1609
780 867
781 1610
781 868
781 881
781 864
782 869
782 1611
782 865
782 882
782 1783
783 1182
783 789
783 870
783 1788
783 855
784 789
784 871
784 1789
784 830
784 1185
784 788
784 856
784 866
785 1188
785 829
785 787
785 857
785 788
785 1790
785 867
786 854
786 787
786 832
786 1787
786 1190
787 1192
787 869
787 859
787 1792
787 832
788 1194
788 1793
788 872
788 831
788 860
788 867
789 862
789 871
789 833
789 1795
789 1197
790 875
790 1554
790 843
790 1797
790 805
790 799
791 820
791 1547
791 836
791 797
791 1799
791 805
791 1619
791 873
792 798
792 1800
792 804
792 1548
792 837
792 801
792 1621
793 804
793 817
793 797
793 1549
793 838
793 1622
794 1620
794 798
794 800
794 1802
794 797
794 818
795 803
795 799
795 876
795 1555
795 844
795 802
795 822
796 803
796 823
796 1796
796 800
796 805
796 874
797 820
797 1553
797 842
797 1803
797 1622
798 1804
798 1621
799 1551
799 879
799 1801
799 801
799 840
800 823
800 1802
801 1551
801 1807
801 1624
801 840
802 841
802 804
802 827
802 878
802 1552
803 876
803 828
804 841
804 1623
804 1552
804 821
805 839
805 875
805 1550
805 826
805 1799
806 1810
806 880
806 812
806 1614
806 837
806 951
806 831
806 811
807 847
807 882
807 1615
807 809
807 832
807 958
807 811
807 1811
808 965
808 812
808 810
808 833
808 1616
808 838
809 839
809 968
809 1812
809 884
810 970
810 842
810 833
810 1813
810 1616
811 973
811 1814
811 882
811 834
811 1617
811 840
812 841
812 978
812 881
812 1618
812 835
813 848
813 881
813 1560
813 816
813 878
814 879
814 1561
814 1816
814 882
814 815
814 816
814 849
815 875
815 850
815 884
815 1563
815 1817
816 1564
816 876
816 885
816 849
817 1872
817 820
817 1626
817 1659
817 886
817 863
817 821
818 820
818 823
818 887
818 1818
818 1873
818 1660
818 866
819 1661
819 888
819 823
819 853
819 907
819 1874
819 822
820 1626
820 1875
820 889
820 925
820 1819
820 824
820 1573
820 1662
820 826
820 892
820 906
821 924
821 918
821 1572
821 824
821 827
821 886
821 825
821 1663
821 1876
821 1627
822 1664
822 910
822 921
822 928
822 827
822 825
822 828
822 1877
822 1576
823 1878
823 890
823 1665
823 826
823 1818
823 907
823 828
823 897
824 1879
824 908
824 889
824 1666
824 1574
824 926
824 1627
825 928
825 1667
825 1880
825 1576
826 1575
826 1881
826 1819
826 1668
826 927
826 909
827 924
827 1669
827 1572
827 1882
828 1883
828 910
828 1670
829 894
829 901
829 1940
829 832
829 1820
829 831
829 1612
830 902
830 1942
830 1821
830 833
830 935
830 1613
830 831
831 894
831 913
831 936
831 1614
831 1822
831 834
831 1945
831 835
831 903
832 1947
832 896
832 915
832 904
832 1615
832 834
832 1823
833 1949
833 905
833 1824
833 914
833 935
833 1616
833 835
834 896
834 916
834 1951
834 1617
835 895
835 936
835 917
835 1618
835 1952
836 839
836 925
836 1547
836 1825
836 842
836 1517
837 841
837 913
837 1548
837 1628
837 1826
837 1518
837 840
838 841
838 1519
838 1629
838 842
838 1549
838 914
839 847
839 933
839 1520
839 1825
839 927
839 1550
839 843
839 845
840 1551
840 930
840 847
840 916
840 1827
840 1521
840 843
840 844
840 1631
841 931
841 924
841 1522
841 917
841 846
841 844
841 1632
841 1552
842 1553
842 925
842 1629
842 846
842 914
842 1829
842 1523
842 845
843 933
843 1554
843 1524
844 928
844 1555
844 1525
844 934
845 927
845 1526
845 1556
845 1829
846 932
846 1557
846 917
846 1632
846 926
846 1527
847 930
847 915
847 1528
847 1828
847 1558
847 1630
848 1498
848 1570
848 911
848 1884
848 849
849 1885
849 920
849 900
849 1504
849 850
849 1571
849 891
849 912
850 1886
850 899
850 852
850 1509
850 891
851 937
851 1784
851 874
851 919
851 1888
851 855
851 856
851 1583
852 920
852 854
852 1886
852 1785
852 1584
852 855
853 921
853 1585
853 897
853 857
853 856
853 1874
853 1786
854 920
854 861
854 859
854 1586
854 904
854 858
854 1900
854 891
854 1787
855 937
855 1904
855 861
855 862
855 922
855 899
855 1788
855 1587
856 1909
856 862
856 938
856 1789
856 923
856 907
856 902
856 860
856 1588
856 897
857 898
857 888
857 859
857 860
857 901
857 1589
857 858
857 1790
857 1920
858 1926
858 901
858 1590
858 1791
859 1591
859 904
859 1792
859 1939
860 898
860 1934
860 1793
860 903
860 1592
861 1794
861 1593
861 922
861 1935
862 1925
862 1594
862 905
862 1795
862 938
863 1872
863 918
863 864
863 892
863 1301
863 1633
864 918
864 865
864 911
864 1305
864 1634
864 886
864 1918
864 893
865 1937
865 1308
865 912
866 1865
866 1608
866 892
866 1873
866 1830
866 897
866 867
867 894
867 869
867 898
867 868
867 1609
867 1831
867 1868
867 1919
867 887
867 893
868 1610
868 895
868 1870
868 893
868 1924
869 896
869 1938
869 1871
869 1611
870 937
870 1887
870 871
870 1425
870 873
870 1832
871 1428
871 1908
871 1833
871 872
871 892
871 906
871 935
871 938
871 929
872 936
872 1933
872 929
872 893
872 1430
873 1834
873 1887
873 875
873 1212
873 906
874 875
874 1213
874 876
874 899
874 1888
874 907
875 1834
875 879
875 937
875 933
875 909
875 899
875 1568
875 1214
875 1889
876 879
876 910
876 900
876 1569
876 1890
876 919
876 878
876 1215
876 934
877 908
877 932
877 1891
877 1567
877 1216
878 931
878 1217
878 1892
878 1566
879 930
879 900
879 1218
879 1893
879 1835
879 1565
880 894
880 1713
880 1836
880 911
880 1894
880 882
880 1559
880 881
880 1635
881 931
881 895
881 911
881 1636
881 885
881 883
881 1560
881 1895
881 1720
882 896
882 930
882 1561
882 1896
882 1637
882 885
882 1837
882 884
882 1723
882 912
883 895
883 932
883 1636
883 1897
883 1562
883 1727
884 933
884 1898
884 1563
884 1728
885 1564
885 1899
885 1730
885 934
885 912
886 1638
886 889
886 1918
887 889
887 890
887 1919
887 1839
888 890
888 1920
889 1638
889 1921
889 893
889 1579
890 898
890 1922
890 1839
891 1900
892 1875
892 1633
892 1840
892 893
893 1921
893 1634
894 896
894 895
894 1841
894 1901
894 1635
895 1902
895 1636
896 1903
896 1637
897 898
897 1878
897 1830
898 1831
898 1922
899 1904
899 900
900 1577
900 922
900 1905
901 904
901 1820
901 903
902 905
902 1821
902 903
903 1822
904 1823
905 1824
906 908
906 1908
906 1842
906 909
907 910
907 1909
907 909
908 1580
908 1910
908 929
909 1911
909 1842
909 938
909 1581
910 1582
910 923
910 1912
911 1570
911 1906
911 1639
911 912
912 1907
912 1571
913 916
913 1844
913 917
913 1628
914 1845
914 1629
914 917
915 916
915 1843
915 1630
916 1631
917 1632
918 1642
918 1876
919 922
919 1890
919 923
920 1885
920 922
921 923
921 1877
922 1905
923 1912
924 928
924 1572
924 926
924 1643
925 927
925 1846
925 1573
925 926
926 1574
926 1643
927 1575
927 1846
928 1576
929 1910
930 1847
930 1640
930 933
930 1565
930 934
930 1913
931 932
931 1641
931 1566
931 934
931 1914
932 1915
932 1641
932 1567
933 1916
933 1568
934 1569
934 1917
935 936
935 1848
937 938
937 1889
937 1832
938 1911
938 1833
939 1736
939 1715
939 1940
939 959
939 942
939 1612
939 953
940 1941
940 1716
940 960
940 1735
940 1808
940 954
940 942
941 952
941 1733
941 961
941 1714
942 1941
942 1732
942 955
942 1717
942 962
943 952
943 948
943 964
943 1770
943 947
943 1738
944 948
944 1942
944 946
944 1737
944 966
944 1613
944 953
945 1739
945 1943
945 946
945 949
945 954
945 1809
946 967
946 1943
946 955
946 1743
947 952
947 1740
948 966
948 1741
948 956
949 1742
949 1944
950 952
950 972
950 977
950 1511
950 1712
950 953
951 1713
951 973
951 953
951 978
951 954
951 1945
951 1518
952 1529
952 977
952 974
952 956
952 1771
952 1714
952 1750
953 1614
953 1715
953 1531
953 955
953 979
953 975
953 1945
953 956
953 1749
954 1716
954 1751
954 1946
954 976
954 955
954 1537
954 1810
955 1946
955 1717
955 1543
955 1753
956 1718
956 1752
956 1545
956 979
957 972
957 959
957 1515
957 1722
958 1947
958 973
958 1528
958 968
958 959
958 960
958 1723
959 1947
959 1615
959 1725
959 975
959 1758
959 962
959 1533
960 963
960 969
960 962
960 976
960 1811
960 1756
960 1726
960 1948
960 1539
961 1541
961 1757
961 974
961 1724
962 1542
962 1754
962 1948
963 969
963 1755
963 1546
964 977
964 1512
964 966
965 970
965 1949
965 1519
965 978
965 966
966 970
966 1949
966 1759
966 1532
966 979
966 1616
966 967
967 971
967 1760
967 1544
967 1950
968 969
968 1520
968 1728
969 1536
969 1761
969 1812
970 971
970 1949
970 1523
971 1762
971 1813
971 1540
971 1950
972 974
972 1513
972 975
972 1722
973 1951
973 976
973 1521
973 975
973 1723
974 1530
974 1772
974 1764
974 1724
975 1951
975 1725
975 1763
975 1617
975 1534
976 1538
976 1814
976 1765
976 1726
977 1719
977 979
977 1514
978 1522
978 979
978 1720
978 1952
979 1535
979 1721
979 1618
979 1952
979 1766
980 1875
980 1400
980 1024
980 1008
980 983
980 1244
981 1023
981 1009
981 986
981 985
981 1404
981 1874
982 1399
982 1245
982 984
982 1021
982 1876
982 983
983 1401
983 1879
983 1024
983 1245
983 1010
984 985
984 1246
984 1402
984 1880
985 1402
985 1012
985 1877
986 1878
986 1009
986 1026
987 1885
987 988
987 1004
987 1006
987 998
987 1397
988 1003
988 1886
988 1398
988 998
988 1007
989 1394
989 991
989 1003
989 1009
989 1019
989 1888
989 992
990 1016
990 1010
990 1891
990 1391
991 1393
991 1004
991 1890
991 1018
991 1012
992 1003
992 1392
992 1013
992 1017
992 1889
993 1000
993 1248
993 1015
993 997
993 1895
993 1005
993 995
994 996
994 1249
994 1896
994 1001
994 997
994 1006
994 1014
995 1000
995 1248
995 1016
995 1897
996 1017
996 1898
996 1007
997 1006
997 1250
997 1899
997 1002
997 1018
998 1030
998 1032
998 1471
998 1045
998 1048
998 1900
998 1406
999 1000
999 1001
999 1901
999 1247
999 1453
999 1027
999 1022
1000 1248
1000 1029
1000 1902
1000 1474
1000 1002
1000 1034
1000 1027
1001 1249
1001 1033
1001 1903
1001 1002
1001 1028
1001 1470
1001 1047
1002 1035
1002 1250
1002 1479
1002 1028
1003 1904
1003 1004
1003 1037
1003 1045
1003 1408
1003 1031
1004 1036
1004 1905
1004 1407
1004 1045
1005 1906
1005 1452
1005 1006
1005 1396
1005 1027
1005 1251
1005 1021
1006 1030
1006 1036
1006 1469
1006 1252
1006 1046
1006 1907
1006 1397
1006 1028
1006 1007
1007 1478
1007 1030
1007 1037
1007 1398
1008 1043
1008 1908
1008 1458
1008 1010
1009 1909
1009 1044
1009 1013
1009 1031
1009 1038
1009 1411
1009 1012
1009 1459
1010 1043
1010 1039
1010 1412
1010 1460
1010 1910
1010 1011
1011 1461
1011 1040
1011 1413
1012 1415
1012 1042
1012 1462
1012 1912
1013 1911
1013 1031
1013 1041
1013 1414
1013 1463
1014 1389
1014 1033
1014 1036
1014 1017
1014 1253
1014 1018
1014 1913
1015 1016
1015 1254
1015 1018
1015 1034
1015 1390
1015 1914
1016 1915
1016 1039
1016 1254
1016 1391
1016 1034
1016 1020
1017 1916
1017 1392
1017 1037
1017 1019
1017 1041
1018 1393
1018 1042
1018 1036
1018 1917
1018 1019
1018 1255
1018 1020
1018 1035
1019 1394
1019 1038
1019 1037
1020 1395
1020 1255
1020 1035
1020 1040
1021 1256
1021 1024
1021 1452
1021 1046
1021 1918
1022 1024
1022 1029
1022 1453
1022 1919
1022 1047
1023 1454
1023 1032
1023 1025
1023 1044
1023 1048
1023 1026
1023 1920
1023 1417
1024 1043
1024 1455
1024 1256
1024 1029
1024 1921
1024 1416
1024 1049
1024 1027
1025 1456
1025 1050
1025 1417
1026 1044
1026 1457
1026 1922
1027 1455
1027 1923
1027 1028
1027 1409
1027 1251
1028 1472
1028 1410
1028 1252
1028 1049
1029 1474
1029 1924
1030 1473
1030 1050
1030 1406
1031 1925
1031 1477
1031 1424
1032 1454
1032 1418
1032 1926
1033 1927
1033 1253
1033 1035
1034 1928
1034 1254
1034 1035
1035 1255
1036 1257
1036 1929
1036 1407
1036 1037
1037 1408
1038 1042
1038 1464
1038 1411
1038 1041
1039 1412
1039 1465
1039 1930
1039 1040
1040 1258
1040 1042
1040 1466
1040 1413
1041 1931
1041 1467
1041 1414
1042 1932
1042 1258
1042 1415
1042 1468
1043 1933
1043 1475
1044 1934
1044 1422
1044 1476
1045 1423
1045 1935
1046 1469
1046 1937
1046 1259
1046 1050
1046 1049
1047 1938
1047 1049
1047 1470
1048 1420
1048 1471
1048 1939
1048 1050
1049 1472
1049 1421
1049 1259
1050 1420
1050 1473
1051 1551
1051 1054
1051 1484
1051 1262
1051 1063
1051 1055
1052 1073
1052 1057
1052 1485
1052 1064
1052 1055
1052 1552
1052 1263
1053 1553
1053 1057
1053 1074
1053 1261
1054 1554
1054 1066
1054 1056
1054 1487
1055 1555
1055 1076
1055 1488
1055 1265
1055 1067
1056 1066
1056 1550
1056 1487
1056 1077
1057 1486
1057 1075
1057 1557
1057 1065
1057 1263
1058 1062
1058 1060
1058 1070
1058 1560
1058 1267
1058 1064
1059 1071
1059 1561
1059 1062
1059 1061
1059 1063
1059 1268
1060 1562
1060 1267
1060 1065
1061 1072
1061 1066
1061 1563
1062 1071
1062 1269
1062 1564
1062 1067
1063 1389
1063 1270
1063 1484
1063 1219
1063 1066
1063 1565
1063 1080
1063 1067
1064 1485
1064 1220
1064 1271
1064 1067
1064 1566
1064 1390
1064 1065
1065 1087
1065 1486
1065 1221
1065 1567
1065 1069
1065 1271
1065 1391
1066 1089
1066 1392
1066 1068
1066 1568
1066 1487
1066 1222
1066 1081
1067 1393
1067 1569
1067 1488
1067 1223
1067 1068
1067 1069
1067 1080
1067 1272
1067 1090
1068 1394
1068 1224
1068 1086
1068 1489
1068 1081
1069 1395
1069 1225
1069 1272
1069 1088
1069 1490
1070 1071
1070 1570
1070 1273
1070 1499
1070 1396
1070 1082
1071 1274
1071 1072
1071 1091
1071 1080
1071 1083
1071 1571
1071 1505
1071 1397
1072 1091
1072 1398
1072 1510
1072 1081
1073 1399
1073 1075
1073 1572
1073 1275
1073 1674
1073 1076
1074 1400
1074 1075
1074 1573
1074 1675
1074 1084
1075 1401
1075 1087
1075 1079
1075 1574
1075 1275
1075 1676
1075 1492
1075 1084
1076 1078
1076 1079
1076 1090
1076 1677
1076 1402
1076 1276
1076 1495
1076 1576
1077 1678
1077 1089
1077 1575
1077 1494
1077 1403
1078 1491
1078 1679
1078 1086
1078 1085
1078 1404
1079 1405
1079 1493
1079 1680
1079 1276
1079 1088
1080 1577
1080 1407
1080 1277
1080 1081
1081 1408
1082 1273
1082 1578
1082 1083
1082 1409
1083 1274
1083 1410
1084 1416
1084 1579
1085 1496
1085 1417
1086 1089
1086 1491
1086 1411
1086 1090
1087 1412
1087 1580
1087 1088
1087 1492
1088 1278
1088 1493
1088 1090
1088 1413
1089 1494
1089 1414
1089 1581
1090 1415
1090 1582
1090 1278
1090 1495
1091 1406
1092 1200
1092 1262
1092 1094
1092 1098
1092 1601
1093 1099
1093 1199
1093 1105
1093 1602
1093 1094
1093 1263
1094 1200
1094 1106
1094 1265
1094 1100
1094 1603
1095 1099
1095 1202
1095 1267
1095 1102
1095 1097
1096 1103
1096 1098
1096 1097
1096 1203
1096 1268
1097 1269
1097 1103
1097 1100
1097 1203
1098 1208
1098 1270
1098 1205
1098 1431
1098 1601
1098 1100
1098 1108
1099 1100
1099 1432
1099 1602
1099 1271
1099 1209
1100 1210
1100 1112
1100 1101
1100 1205
1100 1272
1100 1433
1100 1108
1100 1603
1101 1111
1101 1206
1101 1211
1101 1109
1101 1604
1101 1434
1102 1435
1102 1202
1102 1497
1102 1273
1102 1103
1103 1274
1103 1436
1103 1503
1103 1113
1103 1104
1103 1203
1103 1108
1104 1204
1104 1508
1104 1437
1104 1113
1104 1109
1105 1644
1105 1275
1105 1106
1105 1438
1106 1439
1106 1112
1106 1276
1106 1645
1106 1107
1106 1606
1107 1605
1107 1110
1107 1111
1107 1440
1107 1646
1108 1205
1108 1277
1108 1442
1108 1109
1109 1443
1109 1206
1110 1446
1110 1607
1111 1112
1111 1444
1111 1605
1111 1207
1112 1278
1112 1606
1112 1445
1113 1441
1114 1148
1114 1432
1114 1118
1114 1119
1114 1391
1115 1120
1115 1117
1115 1144
1115 1392
1115 1132
1116 1117
1116 1393
1116 1147
1116 1131
1116 1433
1116 1119
1117 1394
1117 1143
1117 1434
1117 1132
1118 1140
1118 1391
1119 1142
1119 1395
1119 1433
1120 1141
1120 1133
1121 1436
1121 1131
1121 1122
1121 1135
1121 1397
1121 1130
1122 1136
1122 1437
1122 1398
1122 1132
1122 1130
1123 1401
1123 1129
1123 1290
1123 1149
1123 1148
1123 1128
1123 1438
1124 1400
1124 1280
1124 1129
1124 1126
1124 1138
1124 1151
1125 1439
1125 1147
1125 1289
1125 1128
1125 1402
1125 1127
1126 1141
1126 1152
1126 1283
1127 1285
1127 1150
1127 1143
1127 1404
1127 1440
1128 1405
1128 1142
1128 1439
1128 1284
1129 1401
1129 1140
1129 1282
1129 1151
1130 1161
1130 1170
1130 1754
1130 1160
1130 1157
1130 1441
1130 1167
1130 1406
1131 1155
1131 1407
1131 1442
1131 1132
1131 1167
1132 1443
1132 1156
1132 1408
1132 1159
1132 1133
1132 1167
1133 1158
1134 1435
1134 1731
1134 1149
1134 1135
1134 1409
1134 1168
1135 1171
1135 1436
1135 1155
1135 1136
1135 1169
1135 1410
1135 1157
1135 1755
1136 1156
1136 1761
1136 1437
1136 1157
1137 1141
1137 1162
1137 1737
1137 1158
1137 1279
1137 1143
1138 1141
1138 1163
1138 1280
1138 1140
1138 1738
1139 1142
1139 1281
1139 1739
1139 1444
1139 1164
1139 1143
1140 1163
1140 1148
1140 1282
1140 1412
1140 1145
1140 1740
1140 1146
1141 1165
1141 1144
1141 1283
1141 1741
1141 1158
1141 1146
1142 1147
1142 1148
1142 1284
1142 1145
1142 1742
1142 1413
1142 1445
1143 1444
1143 1285
1143 1147
1143 1144
1143 1166
1143 1411
1143 1159
1143 1743
1144 1286
1144 1159
1144 1414
1144 1744
1145 1745
1145 1287
1145 1413
1146 1288
1146 1165
1146 1746
1147 1415
1147 1747
1147 1289
1147 1445
1148 1748
1148 1290
1148 1412
1149 1171
1149 1731
1149 1416
1149 1151
1150 1295
1150 1732
1150 1170
1150 1160
1150 1166
1150 1153
1150 1154
1150 1446
1150 1417
1151 1733
1151 1163
1151 1173
1151 1416
1151 1152
1151 1292
1151 1168
1152 1165
1152 1294
1152 1734
1153 1164
1153 1735
1153 1172
1153 1446
1153 1293
1154 1162
1154 1736
1154 1291
1154 1174
1155 1156
1155 1442
1155 1419
1156 1443
1157 1172
1157 1756
1157 1441
1158 1759
1158 1159
1159 1451
1159 1760
1159 1424
1160 1732
1160 1418
1160 1447
1161 1758
1161 1174
1162 1165
1162 1749
1162 1291
1162 1166
1163 1165
1163 1292
1163 1750
1164 1449
1164 1166
1164 1751
1164 1293
1165 1752
1165 1294
1166 1449
1166 1295
1166 1753
1166 1422
1167 1423
1167 1450
1168 1733
1168 1169
1168 1409
1169 1757
1169 1173
1169 1410
1170 1420
1170 1754
1170 1448
1170 1172
1170 1174
1171 1421
1171 1173
1171 1172
1171 1755
1172 1299
1172 1448
1172 1756
1173 1757
1173 1421
1173 1298
1174 1297
1174 1758
1175 1784
1175 1176
1175 1186
1175 1426
1175 1434
1175 1183
1175 1583
1176 1184
1176 1187
1176 1433
1176 1427
1177 1184
1177 1181
1177 1436
1177 1178
1178 1181
1178 1437
1178 1785
1178 1584
1178 1183
1179 1585
1179 1866
1179 1189
1179 1180
1179 1186
1179 1440
1179 1786
1180 1439
1180 1867
1180 1187
1181 1193
1181 1196
1181 1586
1181 1441
1181 1191
1181 1787
1181 1948
1181 1190
1182 1587
1182 1197
1182 1425
1182 1183
1183 1184
1183 1443
1183 1196
1183 1198
1183 1426
1183 1788
1183 1587
1184 1196
1184 1442
1184 1427
1185 1942
1185 1194
1185 1865
1185 1197
1185 1428
1185 1186
1185 1588
1186 1444
1186 1429
1186 1943
1186 1187
1186 1198
1186 1866
1186 1789
1186 1195
1186 1588
1187 1867
1187 1944
1187 1445
1188 1192
1188 1194
1188 1868
1188 1940
1188 1189
1188 1589
1189 1941
1189 1193
1189 1446
1189 1589
1189 1195
1189 1790
1189 1869
1189 1191
1190 1192
1190 1947
1190 1586
1191 1941
1191 1447
1191 1791
1191 1590
1192 1947
1192 1591
1192 1871
1192 1193
1193 1591
1193 1792
1193 1448
1193 1948
1194 1592
1194 1195
1194 1868
1194 1945
1194 1430
1195 1449
1195 1946
1195 1793
1195 1869
1195 1592
1196 1794
1196 1593
1196 1450
1197 1949
1197 1198
1197 1594
1197 1428
1198 1451
1198 1429
1198 1594
1198 1795
1198 1950
1199 1200
1200 1201
1200 1205
1201 1206
1202 1203
1203 1204
1203 1205
1204 1206
1205 1206
1205 1226
1206 1227
1206 1207
1208 1210
1208 1233
1208 1226
1209 1210
1209 1234
1210 1235
1210 1211
1210 1226
1211 1227
1212 1236
1212 1214
1213 1215
1213 1214
1214 1218
1214 1236
1214 1231
1215 1217
1215 1232
1215 1218
1216 1230
1217 1229
1218 1237
1218 1228
1219 1223
1219 1228
1219 1222
1219 1233
1220 1234
1220 1221
1220 1229
1220 1223
1221 1234
1221 1225
1221 1230
1222 1224
1222 1231
1223 1235
1223 1232
1223 1224
1223 1225
1225 1235
1226 1227
1226 1241
1226 1238
1226 1240
1227 1236
1227 1240
1228 1239
1228 1232
1228 1242
1228 1231
1228 1565
1229 1232
1229 1243
1229 1230
1229 1566
1230 1243
1230 1567
1231 1568
1232 1569
1233 1235
1233 1241
1233 1270
1233 1242
1234 1235
1234 1243
1234 1271
1235 1241
1235 1272
1236 1834
1236 1237
1236 1238
1237 1239
1237 1238
1237 1835
1237 1240
1244 1256
1244 1245
1245 1256
1245 1246
1247 1249
1247 1248
1247 1251
1248 1251
1248 1250
1248 1254
1249 1253
1249 1250
1249 1252
1250 1252
1250 1255
1251 1256
1251 1252
1252 1257
1252 1259
1253 1257
1253 1255
1254 1255
1255 1257
1255 1258
1256 1259
1260 1262
1260 1263
1261 1263
1262 1270
1262 1265
1262 1264
1263 1275
1263 1265
1263 1271
1264 1270
1265 1276
1265 1272
1266 1273
1266 1267
1266 1268
1267 1273
1267 1269
1267 1271
1268 1274
1268 1270
1268 1269
1269 1274
1269 1272
1270 1277
1270 1272
1271 1272
1272 1278
1272 1277
1273 1274
1273 1501
1274 1507
1274 1277
1275 1697
1275 1276
1276 1278
1276 1698
1279 1285
1279 1291
1279 1283
1280 1282
1280 1292
1280 1283
1281 1285
1281 1284
1281 1293
1282 1288
1282 1290
1282 1292
1282 1287
1283 1288
1283 1286
1283 1294
1284 1290
1284 1289
1284 1287
1285 1295
1285 1286
1285 1289
1288 1294
1291 1295
1291 1296
1291 1297
1291 1294
1292 1294
1292 1298
1293 1295
1293 1299
1294 1296
1300 1304
1300 1302
1301 1302
1301 1305
1302 1306
1302 1633
1302 1303
1304 1306
1304 1307
1305 1306
1305 1308
1306 1634
1309 1315
1309 1358
1309 1313
1309 1339
1310 1312
1310 1340
1310 1313
1311 1341
1311 1348
1311 1315
1311 1314
1312 1318
1312 1320
1312 1317
1312 1340
1313 1318
1313 1358
1313 1316
1313 1342
1314 1320
1314 1319
1314 1317
1314 1349
1315 1359
1315 1348
1315 1343
1315 1319
1315 1316
1316 1359
1318 1342
1319 1349
1321 1337
1321 1357
1321 1322
1322 1357
1322 1359
1322 1323
1322 1338
1323 1358
1324 1337
1324 1345
1324 1326
1325 1346
1325 1326
1326 1337
1326 1327
1326 1347
1326 1349
1327 1348
1327 1338
1328 1329
1328 1350
1329 1337
1329 1351
1329 1344
1329 1330
1330 1344
1330 1338
1331 1350
1331 1352
1331 1334
1331 1333
1332 1353
1332 1334
1333 1351
1333 1345
1333 1335
1333 1355
1333 1336
1334 1350
1334 1346
1334 1336
1334 1356
1335 1345
1335 1354
1336 1351
1336 1347
1337 1375
1337 1367
1337 1338
1338 1375
1338 1360
1339 1374
1339 1343
1339 1352
1339 1364
1339 1342
1340 1350
1340 1365
1340 1342
1341 1366
1341 1361
1341 1343
1341 1376
1342 1374
1342 1362
1343 1361
1343 1371
1344 1366
1344 1375
1344 1376
1345 1368
1345 1347
1345 1367
1346 1347
1346 1369
1347 1367
1347 1373
1348 1361
1348 1349
1348 1360
1349 1373
1350 1351
1350 1362
1351 1365
1351 1367
1352 1355
1352 1371
1352 1356
1352 1362
1353 1358
1353 1356
1353 1372
1354 1368
1354 1363
1354 1355
1354 1370
1355 1368
1355 1364
1356 1374
1356 1369
1356 1362
1357 1375
1357 1363
1357 1370
1358 1374
1358 1359
1359 1360
1359 1372
1377 1381
1377 1383
1378 1381
1378 1380
1379 1383
1379 1382
1380 1385
1380 1386
1380 1388
1381 1384
1381 1386
1382 1385
1382 1387
1382 1388
1383 1384
1383 1387
1389 1393
1389 1392
1389 1407
1390 1393
1390 1391
1391 1395
1391 1412
1392 1394
1392 1408
1392 1414
1393 1394
1393 1415
1393 1395
1393 1407
1394 1411
1394 1408
1395 1413
1396 1409
1396 1397
1397 1410
1397 1407
1397 1398
1397 1406
1398 1408
1398 1406
1399 1402
1399 1401
1400 1401
1400 1416
1401 1405
1401 1416
1401 1412
1402 1405
1402 1415
1402 1404
1403 1414
1404 1411
1404 1417
1405 1413
1406 1420
1406 1418
1406 1423
1407 1419
1407 1408
1407 1423
1408 1423
1408 1424
1409 1410
1409 1416
1410 1421
1410 1419
1411 1415
1411 1422
1411 1424
1411 1414
1412 1413
1413 1415
1414 1424
1416 1421
1417 1420
1417 1418
1417 1422
1425 1426
1425 1428
1426 1429
1426 1427
1426 1832
1428 1429
1428 1430
1429 1833
1431 1433
1431 1442
1432 1433
1433 1442
1433 1434
1433 1445
1434 1443
1434 1444
1435 1436
1436 1437
1436 1442
1436 1441
1437 1443
1437 1441
1438 1439
1439 1445
1439 1440
1440 1444
1440 1446
1441 1448
1441 1447
1441 1450
1442 1443
1442 1450
1443 1451
1443 1450
1444 1449
1444 1451
1444 1445
1446 1449
1446 1448
1446 1447
1452 1469
1452 1455
1453 1455
1453 1474
1453 1470
1454 1456
1454 1471
1454 1457
1454 1476
1455 1472
1455 1475
1455 1474
1456 1473
1457 1476
1458 1475
1458 1460
1459 1477
1459 1462
1459 1464
1459 1476
1459 1463
1460 1475
1460 1461
1460 1465
1461 1466
1462 1468
1463 1467
1463 1477
1464 1480
1464 1482
1464 1467
1464 1468
1465 1466
1466 1481
1466 1468
1467 1480
1468 1481
1469 1478
1469 1472
1469 1473
1470 1472
1470 1479
1471 1473
1472 1483
1472 1479
1473 1478
1474 1479
1475 1483
1476 1482
1477 1480
1484 1488
1484 1487
1485 1486
1485 1488
1486 1492
1486 1490
1487 1494
1487 1489
1488 1495
1488 1489
1488 1490
1489 1491
1490 1493
1491 1687
1491 1494
1491 1496
1491 1495
1492 1688
1492 1493
1493 1689
1493 1495
1494 1690
1495 1691
1497 1503
1497 1501
1498 1504
1498 1500
1499 1505
1499 1500
1499 1501
1500 1570
1500 1502
1500 1506
1501 1502
1501 1507
1503 1508
1503 1507
1504 1506
1504 1509
1505 1507
1505 1506
1505 1510
1506 1571
1511 1529
1511 1513
1511 1531
1511 1514
1512 1532
1512 1514
1513 1530
1513 1515
1513 1516
1513 1534
1514 1529
1514 1535
1514 1516
1515 1533
1516 1530
1517 1536
1517 1520
1517 1523
1518 1522
1518 1521
1518 1531
1518 1537
1519 1522
1519 1532
1519 1523
1520 1536
1520 1528
1520 1524
1520 1526
1521 1538
1521 1528
1521 1524
1521 1525
1521 1534
1522 1535
1522 1525
1522 1527
1523 1526
1523 1532
1523 1540
1523 1527
1526 1540
1527 1535
1528 1533
1528 1539
1529 1530
1529 1776
1529 1545
1530 1541
1530 1777
1531 1535
1531 1534
1531 1628
1531 1545
1531 1543
1532 1535
1532 1629
1532 1544
1533 1542
1533 1630
1533 1534
1534 1631
1535 1545
1535 1632
1536 1825
1536 1540
1536 1539
1536 1546
1537 1538
1537 1826
1537 1543
1538 1827
1538 1539
1539 1542
1539 1828
1539 1546
1540 1544
1540 1829
1547 1553
1547 1573
1547 1550
1548 1551
1548 1552
1549 1553
1549 1552
1550 1575
1550 1554
1550 1558
1550 1556
1550 1568
1551 1554
1551 1558
1551 1555
1551 1565
1552 1572
1552 1557
1552 1555
1552 1566
1553 1573
1553 1557
1553 1556
1554 1568
1555 1569
1555 1576
1556 1575
1557 1574
1557 1567
1558 1565
1559 1570
1559 1561
1559 1560
1560 1570
1560 1564
1560 1562
1560 1566
1561 1564
1561 1563
1561 1571
1561 1565
1562 1567
1563 1568
1564 1569
1564 1571
1565 1577
1565 1569
1565 1568
1566 1569
1566 1567
1567 1580
1568 1581
1569 1582
1569 1577
1570 1578
1570 1571
1571 1577
1572 1574
1572 1692
1572 1576
1573 1575
1573 1574
1573 1693
1573 1579
1574 1694
1574 1580
1574 1579
1575 1581
1575 1695
1576 1582
1576 1696
1583 1588
1583 1587
1584 1586
1584 1587
1585 1588
1585 1589
1586 1593
1586 1591
1586 1590
1587 1593
1587 1594
1588 1594
1588 1592
1589 1591
1589 1590
1589 1592
1595 1596
1596 1597
1596 1599
1597 1598
1598 1600
1598 1599
1598 1683
1599 1684
1601 1603
1602 1603
1603 1604
1603 1606
1604 1605
1605 1681
1605 1606
1605 1607
1606 1682
1608 1609
1608 1633
1609 1610
1609 1611
1609 1635
1609 1634
1610 1634
1610 1636
1611 1637
1612 1614
1612 1635
1612 1615
1613 1616
1613 1614
1614 1635
1614 1628
1614 1618
1614 1617
1615 1637
1615 1630
1615 1617
1616 1629
1616 1618
1617 1637
1617 1631
1618 1636
1618 1632
1619 1626
1619 1622
1620 1621
1620 1622
1621 1628
1621 1624
1621 1623
1622 1626
1622 1629
1622 1623
1623 1632
1623 1627
1624 1631
1625 1630
1626 1638
1626 1633
1626 1685
1626 1627
1627 1638
1627 1686
1627 1642
1627 1643
1628 1632
1628 1631
1629 1632
1630 1640
1630 1631
1631 1640
1632 1641
1632 1643
1633 1634
1633 1642
1634 1638
1634 1642
1634 1639
1635 1637
1635 1715
1635 1636
1635 1639
1636 1721
1636 1641
1636 1639
1637 1640
1637 1725
1644 1645
1644 1697
1645 1682
1645 1698
1645 1646
1646 1681
1647 1651
1647 1653
1647 1683
1648 1651
1648 1650
1649 1652
1649 1681
1649 1653
1650 1688
1650 1658
1650 1655
1650 1656
1651 1654
1651 1656
1651 1683
1652 1657
1652 1682
1652 1658
1652 1689
1652 1655
1653 1657
1653 1687
1653 1654
1653 1684
1653 1681
1654 1684
1654 1690
1655 1689
1657 1682
1657 1691
1658 1688
1659 1662
1659 1685
1659 1663
1660 1662
1660 1665
1660 1699
1661 1665
1661 1664
1662 1666
1662 1685
1662 1700
1662 1668
1662 1693
1663 1666
1663 1669
1663 1686
1663 1692
1663 1667
1664 1669
1664 1696
1664 1667
1664 1670
1665 1668
1665 1699
1665 1670
1666 1694
1666 1686
1667 1696
1668 1700
1668 1695
1669 1692
1671 1672
1671 1685
1672 1686
1672 1697
1672 1673
1673 1698
1674 1677
1674 1697
1674 1692
1674 1676
1675 1693
1675 1676
1676 1694
1676 1688
1676 1697
1676 1680
1677 1679
1677 1691
1677 1696
1677 1680
1677 1698
1678 1690
1678 1695
1679 1687
1680 1689
1680 1698
1681 1702
1681 1682
1681 1699
1682 1708
1682 1710
1683 1701
1683 1684
1683 1685
1684 1702
1684 1703
1684 1709
1685 1686
1685 1709
1686 1701
1686 1711
1687 1690
1687 1691
1687 1703
1688 1704
1688 1689
1689 1691
1689 1708
1690 1703
1690 1705
1691 1708
1691 1706
1692 1694
1692 1711
1692 1696
1693 1694
1693 1707
1693 1695
1694 1704
1694 1711
1695 1707
1695 1705
1696 1706
1697 1711
1697 1698
1698 1708
1699 1700
1699 1818
1699 1710
1700 1702
1700 1819
1700 1707
1700 1709
1712 1722
1712 1719
1712 1715
1712 1714
1713 1716
1713 1715
1713 1720
1713 1723
1714 1718
1714 1719
1714 1778
1714 1724
1715 1718
1715 1721
1715 1725
1715 1717
1716 1836
1716 1726
1716 1717
1718 1721
1719 1721
1719 1729
1720 1721
1720 1730
1720 1727
1721 1727
1722 1725
1722 1729
1722 1724
1723 1725
1723 1730
1723 1726
1723 1728
1724 1729
1724 1779
1726 1837
1731 1733
1731 1755
1732 1736
1732 1753
1732 1754
1732 1735
1733 1757
1733 1750
1733 1734
1734 1752
1735 1756
1735 1751
1736 1758
1736 1749
1737 1741
1737 1759
1737 1749
1737 1743
1738 1741
1738 1750
1738 1740
1739 1751
1739 1742
1739 1743
1740 1748
1740 1746
1740 1745
1740 1750
1741 1746
1741 1752
1741 1759
1741 1744
1742 1748
1742 1745
1742 1747
1743 1753
1743 1760
1743 1747
1743 1744
1744 1760
1746 1752
1749 1753
1749 1752
1749 1763
1749 1766
1750 1752
1750 1764
1751 1765
1751 1753
1752 1766
1754 1758
1754 1756
1755 1757
1755 1761
1755 1756
1756 1761
1756 1765
1757 1764
1758 1763
1759 1760
1759 1766
1760 1762
1767 1768
1768 1778
1768 1769
1769 1779
1770 1771
1771 1776
1771 1772
1771 1778
1772 1777
1772 1779
1773 1774
1774 1776
1774 1775
1775 1777
1776 1777
1777 1780
1778 1779
1779 1780
1781 1782
1781 1830
1782 1836
1782 1831
1782 1783
1783 1837
1784 1789
1784 1788
1784 1832
1785 1788
1785 1787
1786 1789
1786 1830
1786 1790
1787 1794
1787 1792
1787 1791
1787 1823
1788 1794
1788 1795
1788 1832
1789 1833
1789 1793
1789 1821
1789 1795
1789 1830
1790 1831
1790 1792
1790 1791
1790 1793
1790 1820
1791 1820
1792 1823
1793 1822
1793 1831
1795 1833
1795 1824
1796 1802
1796 1818
1796 1799
1797 1834
1797 1801
1797 1799
1798 1802
1798 1800
1799 1834
1799 1805
1799 1825
1799 1819
1799 1803
1800 1807
1800 1804
1800 1806
1800 1826
1801 1827
1801 1807
1801 1805
1801 1806
1801 1835
1802 1804
1802 1818
1802 1803
1803 1819
1803 1829
1805 1828
1805 1835
1806 1826
1807 1827
1808 1836
1808 1820
1808 1810
1808 1811
1809 1821
1809 1810
1810 1836
1810 1814
1810 1822
1810 1826
1811 1828
1811 1814
1811 1812
1811 1837
1811 1823
1812 1825
1813 1824
1813 1829
1814 1827
1814 1837
1815 1816
1815 1836
1816 1837
1816 1835
1816 1817
1817 1834
1818 1819
1818 1830
1818 1839
1819 1846
1819 1842
1819 1840
1820 1941
1820 1841
1820 1822
1820 1823
1821 1943
1821 1822
1821 1848
1821 1824
1822 1841
1822 1844
1822 1946
1823 1843
1823 1948
1824 1845
1824 1848
1824 1950
1825 1828
1825 1846
1825 1829
1826 1827
1826 1844
1827 1847
1827 1828
1828 1843
1828 1847
1829 1845
1829 1846
1830 1831
1830 1866
1830 1840
1831 1841
1831 1839
1831 1869
1832 1834
1832 1833
1832 1838
1833 1842
1833 1848
1833 1840
1834 1842
1834 1835
1835 1847
1835 1838
1836 1841
1836 1837
1837 1847
1849 1851
1849 1858
1850 1856
1850 1852
1850 1851
1850 1859
1851 1856
1851 1854
1851 1861
1852 1854
1852 1862
1852 1857
1852 1853
1854 1857
1855 1860
1856 1857
1856 1864
1858 1860
1858 1863
1858 1861
1859 1862
1859 1864
1859 1861
1860 1863
1861 1864
1865 1868
1865 1866
1866 1867
1866 1869
1868 1871
1868 1870
1868 1869
1872 1875
1872 1918
1872 1876
1873 1875
1873 1878
1873 1919
1874 1909
1874 1878
1874 1920
1874 1877
1875 1879
1875 1908
1875 1881
1875 1921
1876 1879
1876 1882
1876 1918
1876 1880
1877 1883
1877 1882
1877 1880
1877 1912
1878 1883
1878 1909
1878 1881
1878 1922
1879 1921
1879 1910
1881 1911
1883 1912
1884 1885
1884 1906
1885 1886
1885 1905
1885 1907
1885 1900
1886 1904
1886 1900
1887 1889
1887 1908
1888 1909
1888 1904
1888 1890
1888 1889
1889 1904
1889 1916
1889 1911
1889 1893
1890 1892
1890 1905
1890 1893
1890 1917
1890 1912
1891 1915
1891 1910
1892 1914
1893 1905
1893 1913
1894 1896
1894 1906
1894 1901
1894 1895
1895 1906
1895 1902
1895 1897
1895 1899
1895 1914
1896 1903
1896 1898
1896 1899
1896 1907
1896 1913
1897 1915
1897 1902
1898 1916
1899 1907
1899 1917
1900 1939
1900 1926
1900 1935
1901 1902
1901 1903
1901 1923
1901 1919
1901 1936
1902 1928
1902 1923
1902 1924
1903 1938
1903 1927
1904 1925
1904 1905
1904 1935
1905 1929
1905 1935
1906 1923
1906 1907
1906 1918
1907 1929
1907 1937
1908 1933
1908 1911
1908 1910
1909 1934
1909 1925
1909 1911
1909 1912
1910 1933
1910 1930
1911 1925
1911 1931
1912 1932
1913 1929
1913 1916
1913 1927
1913 1917
1914 1915
1914 1928
1914 1917
1915 1928
1915 1930
1916 1931
1917 1932
1917 1929
1918 1937
1918 1921
1919 1938
1919 1924
1919 1921
1919 1922
1920 1934
1920 1939
1920 1926
1920 1922
1921 1933
1921 1923
1921 1924
1922 1934
1922 1936
1940 1947
1940 1941
1940 1945
1941 1946
1941 1948
1942 1949
1942 1943
1942 1945
1943 1946
1943 1944
1943 1950
1945 1951
1945 1946
1945 1952
1947 1951
1947 1948
1949 1950
1949 1952
